198
108
104
181
157
184
108
126
185
119
119
192
128
153
156
149
171
118
158
176
161
122
193
168
143
170
134
158
149
156
126
199
158
188
142
143
141
125
188
100
108
178
124
152
197
149
163
120
159
173
156
187
163
134
135
187
126
182
192
146
180
178
179
164
193
121
145
193
197
160
100
107
195
107
165
130
101
168
190
161
137
107
178
165
162
150
160
100
111
143
194
171
157
108
174
129
173
122
183
143
115
101
189
163
115
107
133
168
186
116
151
152
142
110
171
187
141
177
163
185
147
153
113
102
190
145
103
103
159
123
183
115
154
179
193
107
118
151
118
144
182
131
176
168
132
156
177
198
117
186
159
111
185
112
105
163
161
159
197
144
145
117
167
111
182
108
190
150
149
172
124
192
102
115
167
164
147
111
190
197
150
137
139
162
114
118
108
193
168
188
117
193
114
137
156
151
198
144
184
139
125
170